4 0.11348 0.44109 0.12877000000000002 0.23076
4 0.27143 0.44104000000000004 0.12752 0.22207
4 0.41529000000000005 0.43851 0.12381 0.22846
4 0.54673 0.45731 0.10956 0.18605000000000002
4 0.67406 0.4485 0.11565 0.20271
4 0.78489 0.45129 0.09444 0.19115000000000001
4 0.9078999999999999 0.44051999999999997 0.14332 0.20675
4 0.11813 0.74901 0.12875999999999999 0.25532
4 0.33064 0.74241 0.13181 0.24719999999999998
4 0.50483 0.76622 0.14575 0.28958999999999996
4 0.67275 0.7425499999999999 0.13587 0.25651999999999997