4 0.48691 0.11819 0.10135 0.17923
4 0.43837 0.29024 0.08997 0.16334
4 0.5563400000000001 0.28833 0.09183 0.17094
4 0.39383999999999997 0.44862 0.0952 0.18009999999999998
4 0.49986 0.44849 0.08154 0.19698
4 0.60798 0.45400999999999997 0.08918999999999999 0.19088999999999998
4 0.7142999999999999 0.45131 0.09898 0.22262
4 0.35699000000000003 0.60809 0.09578 0.17903
4 0.45494 0.6070599999999999 0.08884 0.1884
4 0.7866299999999999 0.77015 0.09040000000000001 0.1732
4 0.25481026785714295 0.8614285714285715 0.3231662000181676 0.8341012137276786 0.345307472274407 0.8608775111607145 0.3570370701689019 0.8943566894531249 0.36039119819940413 0.9099156842912949 0.36039119819940413 0.9266080147879465 0.3357953053492952 0.9369637625558037 0.20452780276484225 0.9812480817522323 0.18865701872904406 0.948131103515625 0.1873512118290772 0.9406206403459824 0.1823327466062475 0.9226797049386162 0.1810269397062808 0.9148426164899554 0.1849443604061812 0.9040666852678574 0.1904941269010602 0.9004747663225449 0.2024579506393609 0.8945074462890625 0.2572639214792557 0.863966500418527
4 0.5517799999999999 0.61221 0.07964 0.17584
4 0.6514800000000001 0.61911 0.08763 0.18966
4 0.75128 0.6179600000000001 0.08437 0.19877
4 0.31338 0.7515 0.08571 0.17728
4 0.40793 0.74475 0.0948 0.16663999999999998
4 0.50625 0.7553500000000001 0.08288 0.15927000000000002
4 0.59661 0.7569199999999999 0.07501999999999999 0.17384
4 0.69152 0.76851 0.08485 0.17131