4 0.09295999999999999 0.76335 0.13059 0.24671
4 0.24734 0.7456900000000001 0.12792 0.2371
4 0.88161 0.43402999999999997 0.14787999999999998 0.23663
4 0.39512 0.4574 0.11205 0.22050999999999998
4 0.8389800000000001 0.7870199999999999 0.24834 0.11404
4 0.60772 0.28963 0.12582 0.18211000000000002
4 0.5678099999999999 0.46731 0.12029000000000001 0.18319
4 0.68786 0.46261 0.12894999999999998 0.19951
4 0.1822453150761631 0.36750383649553564 0.19144750541006791 0.4721965680803572 0.18948879506011776 0.4829726736886162 0.15706895706271104 0.4883997453962054 0.14970779755172334 0.5140238734654018 0.15277757697690555 0.5537317766462054 0.16452992624662688 0.5625484793526786 0.08985381085221024 0.5673835972377232 0.1042508113594543 0.3652815464564731
4 0.19481026785714295 0.48000000000000004 0.3162904031786761 0.45852451869419647 0.33850812354247717 0.47629682268415185 0.3411197373424105 0.4902806745256697 0.3417726407923941 0.5000769042968749 0.3417726407923941 0.5261795479910716 0.33384810144198807 0.5517462158203125 0.3123594711256719 0.5593462262834821 0.30452445538583106 0.5616319928850446 0.18129533619793636 0.5684090750558035 0.16249494212915508 0.5619934953962054 0.1530278421043958 0.5482788957868304 0.14976332485447874 0.5397887311662948 0.1481310662295204 0.5290704345703126 0.14780461450452867 0.5209068952287947 0.1481310662295204 0.5054629952566965 0.15139558347943743 0.49893223353794647 0.1608053256310206 0.49165858677455354 0.17628271136644816 0.4851679338727679
4 0.5247189769183834 0.7882240513392856 0.5238868519072298 0.8072022356305804 0.5245397553572133 0.8173250906808038 0.5283098587232723 0.8289656284877233 0.5332067217681679 0.8397416469029019 0.5381035848130634 0.8459459577287949 0.5455545294446763 0.8506072126116073 0.5558660454534129 0.855228271484375 0.574051280690881 0.8539046805245534 0.5865124093934212 0.8502028111049108 0.5935792829168065 0.8477376883370537 0.7074625555777962 0.8023209926060269 0.7117385937400775 0.7904691859654018 0.7120649582950489 0.7722622244698661 0.7114120548450654 0.7562229701450893 0.7061567486778293 0.7427384730747768 0.6994484926168248 0.7316935511997769 0.6912871123220123 0.7248361642020089 0.6786702979637084 0.7184525844029019 0.6667640936086437 0.7146813092912947 0.6542049858035961 0.7114735630580358 0.6470230478537786 0.7131062534877233