4 0.7594299999999999 0.28898 0.14353 0.16653
4 0.28629000000000004 0.2636 0.15153 0.15575999999999998
4 0.49863999999999997 0.26599 0.14765999999999999 0.17484
4 0.18972 0.4787 0.18411000000000002 0.18312
4 0.38262999999999997 0.48067000000000004 0.16421 0.19562000000000002
4 0.60788 0.47634 0.16329 0.20126
4 0.81271 0.49199 0.16958 0.19965
4 0.15894999999999998 0.7161900000000001 0.21684 0.17239
4 0.38631 0.6984199999999999 0.16871 0.17113
4 0.58997 0.72781 0.17318 0.18419
4 0.82202 0.72502 0.18297999999999998 0.19576